{
    "brand": "Volkswagen",
    "model": "Touran",
    "min_year": "2024",
    "max_year": "",
    "keywords": [
        "Touran Life 1.5 TSI 110 kW (150 CV) 5 plazas (01/2024 - )",
        "Touran Life 1.5 TSI 110 kW (150 CV) 7 plazas (01/2024 - )",
        "Touran Life 2.0 TDI 90 kW (122 CV) 5 plazas (01/2024 - )",
        "Touran Life 2.0 TDI 90 kW (122 CV) 7 plazas (01/2024 - )",
        "Touran Life 1.5 TSI 110 kW (150 CV) DSG 7 vel. 5 plazas (01/2024 - )",
        "Touran Life 1.5 TSI 110 kW (150 CV) DSG 7 vel. 7 plazas (01/2024 - )",
        "Touran R-Line 1.5 TSI 110 kW (150 CV) 5 plazas (01/2024 - )",
        "Touran R-Line 2.0 TDI 90 kW (122 CV) 5 plazas (01/2024 - )",
        "Touran R-Line 1.5 TSI 110 kW (150 CV) 7 plazas (01/2024 - )",
        "Touran R-Line 2.0 TDI 90 kW (122 CV) 7 plazas (01/2024 - )",
        "Touran R-Line 1.5 TSI 110 kW (150 CV) DSG 7 vel. 5 plazas (01/2024 - )",
        "Touran Life 2.0 TDI 110 kW (150 CV) DSG 7 vel. 5 plazas (01/2024 - )",
        "Touran R-Line 1.5 TSI 110 kW (150 CV) DSG 7 vel. 7 plazas (01/2024 - )",
        "Touran Life 2.0 TDI 110 kW (150 CV) DSG 7 vel. 7 plazas (01/2024 - )",
        "Touran R-Line 2.0 TDI 110 kW (150 CV) DSG 7 vel. 5 plazas (01/2024 - )",
        "Touran R-Line 2.0 TDI 110 kW (150 CV) DSG 7 vel. 7 plazas (01/2024 - )"
    ]
}